# Restore the 48x48 footprint from its minimum X/Z corner.

# X 0..15, Z 0..15
fill ~ ~-34 ~ ~15 ~-30 ~15 minecraft:sand
fill ~ ~-29 ~ ~15 ~-2 ~15 minecraft:water
fill ~ ~-1 ~ ~15 ~50 ~15 minecraft:air

# X 16..31, Z 0..15
fill ~16 ~-34 ~ ~31 ~-30 ~15 minecraft:sand
fill ~16 ~-29 ~ ~31 ~-2 ~15 minecraft:water
fill ~16 ~-1 ~ ~31 ~50 ~15 minecraft:air

# X 32..47, Z 0..15
fill ~32 ~-34 ~ ~47 ~-30 ~15 minecraft:sand
fill ~32 ~-29 ~ ~47 ~-2 ~15 minecraft:water
fill ~32 ~-1 ~ ~47 ~50 ~15 minecraft:air

# X 0..15, Z 16..31
fill ~ ~-34 ~16 ~15 ~-30 ~31 minecraft:sand
fill ~ ~-29 ~16 ~15 ~-2 ~31 minecraft:water
fill ~ ~-1 ~16 ~15 ~50 ~31 minecraft:air

# X 16..31, Z 16..31
fill ~16 ~-34 ~16 ~31 ~-30 ~31 minecraft:sand
fill ~16 ~-29 ~16 ~31 ~-2 ~31 minecraft:water
fill ~16 ~-1 ~16 ~31 ~50 ~31 minecraft:air

# X 32..47, Z 16..31
fill ~32 ~-34 ~16 ~47 ~-30 ~31 minecraft:sand
fill ~32 ~-29 ~16 ~47 ~-2 ~31 minecraft:water
fill ~32 ~-1 ~16 ~47 ~50 ~31 minecraft:air

# X 0..15, Z 32..47
fill ~ ~-34 ~32 ~15 ~-30 ~47 minecraft:sand
fill ~ ~-29 ~32 ~15 ~-2 ~47 minecraft:water
fill ~ ~-1 ~32 ~15 ~50 ~47 minecraft:air

# X 16..31, Z 32..47
fill ~16 ~-34 ~32 ~31 ~-30 ~47 minecraft:sand
fill ~16 ~-29 ~32 ~31 ~-2 ~47 minecraft:water
fill ~16 ~-1 ~32 ~31 ~50 ~47 minecraft:air

# X 32..47, Z 32..47
fill ~32 ~-34 ~32 ~47 ~-30 ~47 minecraft:sand
fill ~32 ~-29 ~32 ~47 ~-2 ~47 minecraft:water
fill ~32 ~-1 ~32 ~47 ~50 ~47 minecraft:air

return 1
